SIZES
  narena                13631488
  nbuffer               12800
  nplugin               0
  maxuse_stack          1480
  maxuse_arena          30088
  maxuse_con            2
  maxuse_efc            8
  solver_nisland        1
  ne                    0
  nf                    0
  nl                    3
  nefc                  7
  nnzJ                  42
  ncon                  1
  nisland               0
  threadpool            0

TIMER
    0:  duration =  0.11       number = 2
    1:  duration =  0.11       number = 2
    2:  duration =  0          number = 0
    3:  duration =  0.077      number = 2
    4:  duration =  0.0067     number = 2
    5:  duration =  0          number = 0
    6:  duration =  0.019      number = 2
    7:  duration =  0.0019     number = 2
    8:  duration =  0.013      number = 2
    9:  duration =  0.0026     number = 2
    10:  duration =  0.044      number = 2
    11:  duration =  0.015      number = 2
    12:  duration =  0.00026    number = 2
    13:  duration =  0.014      number = 2
    14:  duration =  0.029      number = 2

SOLVER STAT
  solver_nisland = 1
  solver_fwdinv =   0         0       
  ISLAND 0
    solver_niter = 1
    solver_nnz = 36
      0:  improvement =  0.0057      gradient =  3.9e-15     lineslope =  0       
          nactive = 7   nchange = 0   neval = 2   nupdate = 0

ENERGY =   0         0       

TIME =  26      

QPOS
  -0.09    
  -0.85    
  -1.1     
   3.1     
   1.9     
   2.6     

QVEL
  -0.016   
  -8.9e-06 
  -0.014   
   7.1e-05 
  -0.014   
   0.0014  

QACC_WARMSTART
   0.1     
  -0.21    
   0.025   
   0.036   
   1.2     
  -0.13    

QFRC_APPLIED
   0       
   0       
   0       
   0       
   0       
   0       

XFRC_APPLIED
   0         0         0         0         0         0       
   0         0         0         0         0         0       
   0         0         0         0         0         0       
   0         0         0         0         0         0       
   0         0         0         0         0         0       
   0         0         0         0         0         0       
   0         0         0         0         0         0       
   0         0         0         0         0         0       

QACC
   0.1     
  -0.21    
   0.025   
   0.036   
   1.2     
  -0.13    

XPOS
   0         0         0       
   0         0         0       
   0.06     -0.0054    0.13    
   0.067     0.074     0.13    
   0.26      0.06      0.35    
   0.45     -0.082     0.14    
   0.29     -0.094     0.24    
   0.3      -0.088     0.24    

XQUAT
   1         0         0         0       
   1         0         0        -0.045   
   0.91     -0.018    -0.41     -0.041   
   0.77     -0.49     -0.33     -0.25    
   0.36      0.23      0.76     -0.5     
   0.022     0.43      0.025    -0.9     
  -0.018     0.99      0.029     0.16    
  -0.018     0.99      0.029     0.16    

XMAT
   1         0         0         0         1         0         0         0         1       
   1         0.089     0        -0.089     1        -0        -0         0         1       
   0.66      0.089    -0.75     -0.059     1         0.067     0.75     -6.9e-18   0.66    
   0.66      0.7      -0.27     -0.059     0.4       0.91      0.75     -0.59      0.31    
  -0.64      0.7       0.32     -0.019     0.4      -0.92     -0.77     -0.59     -0.24    
  -0.64      0.062    -0.77     -0.019    -1        -0.065    -0.77     -0.027     0.64    
   0.95      0.062     0.31      0.051    -1         0.045     0.31     -0.027    -0.95    
   0.95      0.062     0.31      0.051    -1         0.045     0.31     -0.027    -0.95    

XIPOS
   0         0         0       
  -0.008     0.00033   0.05    
   0.017     0.0035    0.15    
   0.15      0.072     0.22    
   0.27      0.072     0.34    
   0.37     -0.089     0.22    
   0.26     -0.094     0.23    
   0.3      -0.087     0.24    

XIMAT
   1         0         0         0         1         0         0         0         1       
  -0.022    -1        -0.041     0.00091   0.041    -1         1        -0.022    -2.5e-08 
   0.31     -0.93      0.2       0.78      0.13     -0.61      0.54      0.34      0.77    
   0.72     -0.21      0.67      0.31      0.95     -0.039    -0.62      0.24      0.74    
   0.2       0.71     -0.67     -0.98      0.19     -0.1       0.053     0.68      0.73    
   0.06      0.7      -0.71     -1         0.022    -0.063    -0.029     0.71      0.7     
   0.31     -0.29      0.9       0.045     0.95      0.3      -0.95     -0.052     0.31    
   0.32     -0.95     -0.047    -0.0019   -0.051     1        -0.95     -0.31     -0.018   

XANCHOR
   0         0         0       
   0         0         0.18    
   0.21      0.062     0.29    
   0.25      0.071     0.3     
   0.31     -0.093     0.26    
   0.3      -0.088     0.24    

XAXIS
   0         0         1       
   0.089     1         0       
   0.66     -0.059     0.75    
   0.7       0.4      -0.59    
  -0.64     -0.019    -0.77    
   0.062    -1        -0.027   

GEOM_XPOS
  -0.008     0.00033   0.05    
   0.017     0.0035    0.15    
   0.15      0.072     0.22    
   0.27      0.072     0.34    
   0.37     -0.089     0.22    
   0.26     -0.094     0.23    
   0.3      -0.087     0.24    

GEOM_XMAT
  -0.022    -1        -0.041     0.00091   0.041    -1         1        -0.022    -2.5e-08 
   0.31     -0.93      0.2       0.78      0.13     -0.61      0.54      0.34      0.77    
   0.72     -0.21      0.67      0.31      0.95     -0.039    -0.62      0.24      0.74    
   0.2       0.71     -0.67     -0.98      0.19     -0.1       0.053     0.68      0.73    
   0.06      0.7      -0.71     -1         0.022    -0.063    -0.029     0.71      0.7     
   0.31     -0.29      0.9       0.045     0.95      0.3      -0.95     -0.052     0.31    
   0.32     -0.95     -0.047    -0.0019   -0.051     1        -0.95     -0.31     -0.018   

SUBTREE_COM
   0.078     0.011     0.14    
   0.078     0.011     0.14    
   0.14      0.02      0.2     
   0.22      0.029     0.23    
   0.33     -0.04      0.25    
   0.36     -0.089     0.22    
   0.27     -0.093     0.23    
   0.3      -0.087     0.24    

CDOF
   0         0         1        -0.011     0.078     0       
   0.089     1         0        -0.047     0.0042   -0.077   
   0.66     -0.059     0.75      0.047     0.0049   -0.041   
   0.7       0.4      -0.59     -0.1       0.22      0.028   
  -0.64     -0.019    -0.77      0.083     0.1      -0.071   
   0.062    -1        -0.027     0.11      0.013    -0.22    

CINERT
   0         0         0         0         0         0         0         0         0         0       
   0.028     0.047     0.03     -0.0026   -0.02     -0.0026   -0.24     -0.03     -0.23      2.7     
   0.0032    0.008     0.0077   -0.00057   0.00094   0.00047  -0.084    -0.011     0.017     1.4     
   0.02      0.025     0.017    -0.0057   -0.012    -0.0068    0.098     0.086     0.11      1.4     
   0.012     0.021     0.011    -0.0031   -0.01     -0.0033    0.051     0.016     0.054     0.27    
   0.0098    0.051     0.052     0.016    -0.012     0.0043    0.16     -0.053     0.043     0.54    
   0.0013    0.0026    0.0027    0.0012   -0.0011    0.00062   0.011    -0.0066    0.0059    0.063   
   0.00033   0.00098   0.00097   0.00036  -0.00037   0.00016   0.0036   -0.0016    0.0016    0.016   

CRB
   0         0         0         0         0         0         0         0         0         0       
   0.074     0.15      0.12      0.0051   -0.055    -0.007    -1.1e-16  -1e-17    -8.3e-17   6.4     
   0.047     0.11      0.091     0.0077   -0.034    -0.0044    0.24      0.03      0.23      3.7     
   0.043     0.1       0.083     0.0083   -0.035    -0.0049    0.32      0.041     0.22      2.3     
   0.023     0.075     0.066     0.014    -0.023     0.0019    0.22     -0.045     0.1       0.88    
   0.011     0.054     0.056     0.017    -0.013     0.0051    0.17     -0.062     0.05      0.61    
   0.0016    0.0035    0.0037    0.0015   -0.0014    0.00078   0.015    -0.0082    0.0075    0.079   
   0.00033   0.00098   0.00097   0.00036  -0.00037   0.00016   0.0036   -0.0016    0.0016    0.016   

QM
   0.16     -0.0062    0.047    -0.011    -0.015     0.00013 
  -0.0062    0.15      0.02      0.034     0.00044   0.00076 
   0.047     0.02      0.033    -0.0013   -0.0077    0.00042 
  -0.011     0.034    -0.0013    0.026     0.00015   0.0002  
  -0.015     0.00044  -0.0077    0.00015   0.0045    1.4e-06 
   0.00013   0.00076   0.00042   0.0002    1.4e-06   0.00017 

QLD
   0.083    -0.18      1.1      -0.41     -3.3       0.8     
  -0.18      0.083     1.1       1.3       0.097     4.5     
   1.1       1.1       0.019    -0.059    -1.7       2.5     
  -0.41      1.3      -0.059     0.026     0.033     1.2     
  -3.3       0.097    -1.7       0.033     0.0045    0.0086  
   0.8       4.5       2.5       1.2       0.0086    0.00017 

QLDIAGINV
   12      
   12      
   54      
   39      
   2.2e+02 
   6e+03   

QLDIAGSQRTINV
   3.5     
   3.5     
   7.3     
   6.2     
   15      
   77      

D_rownnz              6 6 6 6 6 6

D_rowadr              0 6 12 18 24 30

D_colind              0 1 2 3 4 5 0 1 2 3 4 5 0 1 2 3 4 5 0 1 2 3 4 5 0 1 2 3 4 5 0 1 2 3 4 5

B_rownnz              6 6 6 6 6 6 6 6

B_rowadr              0 6 12 18 24 30 36 42

B_colind              0 1 2 3 4 5 0 1 2 3 4 5 0 1 2 3 4 5 0 1 2 3 4 5 0 1 2 3 4 5 0 1 2 3 4 5 0 1 2 3 4 5 0 1 2 3 4 5

QDERIV
   0         0         0         0         0         0       
   0         0         0         0         0         0       
   0         0         0         0         0         0       
   0         0         0         0         0         0       
   0         0         0         0         0         0       
   0         0         0         0         0         0       

QLU
   0         0         0         0         0         0       
   0         0         0         0         0         0       
   0         0         0         0         0         0       
   0         0         0         0         0         0       
   0         0         0         0         0         0       
   0         0         0         0         0         0       

CONTACT
  0:
     dim           3
     gfev          0 -1 -1 -1 : 2 -1 -1 -1
     exclude       0
     efc_address   3
     solref         0.02      1       
     solimp         0.9       0.95      0.001     0.5       2       
     dist          -0.00051 
     includemargin  0       
     pos            0.041     0.049     0.099   
     frame          0.36      0.59      0.72     -0.38     -0.62      0.69      0.85     -0.53      2.8e-17 
     friction       1         1         0.005     0.0001    0.0001  
     mu             1       

EFC_TYPE
  3
  3
  3
  6
  6
  6
  6

EFC_ID
  3
  4
  5
  0
  0
  0
  0

EFC_J
   0         0         0        -1         0         0       
   0         0         0         0        -1         0       
   0         0         0         0         0        -1       
   0        -0.05     -0.027     0         0         0       
   0        -0.054     0.016     0         0         0       
   0        -0.13      0.012     0         0         0       
   0         0.023    -0.023     0         0         0       

EFC_POS
  -0.0018  
  -0.00027 
  -0.0034  
  -0.00051 
  -0.00051 
  -0.00051 
  -0.00051 

EFC_MARGIN
   0       
   0       
   0       
   0       
   0       
   0       
   0       

EFC_FRICTIONLOSS
   0       
   0       
   0       
   0       
   0       
   0       
   0       

EFC_DIAGAPPROX
   95      
   2.8e+02 
   6.2e+03 
   0.66    
   0.66    
   0.66    
   0.66    

EFC_KBIP
   2.8e+03   1.1e+02   0.95      0       
   2.8e+03   1.1e+02   0.91     -54      
   2.8e+03   1.1e+02   0.95      0       
   2.8e+03   1.1e+02   0.93     -99      
   2.8e+03   1.1e+02   0.93     -99      
   2.8e+03   1.1e+02   0.93     -99      
   2.8e+03   1.1e+02   0.93     -99      

EFC_D
   0.2     
   0.034   
   0.0031  
   19      
   19      
   19      
   19      

EFC_R
   5       
   29      
   3.3e+02 
   0.053   
   0.053   
   0.053   
   0.053   

CVEL
   0         0         0         0         0         0       
   0         0        -0.016     0.00018  -0.0013    0       
   3.6e-05   0.0004   -0.016     0.00016  -0.0013   -3.1e-05 
  -0.0091    0.0012   -0.027    -0.00048  -0.0013    0.00054 
  -0.0091    0.0012   -0.027    -0.00048  -0.0013    0.00054 
   0.0013    0.0015   -0.014    -0.0018   -0.003     0.0017  
   0.0014   -8e-05    -0.014    -0.0017   -0.003     0.0013  
   0.0014   -8e-05    -0.014    -0.0017   -0.003     0.0013  

CDOF_DOT
   0         0         0         0         0         0       
   0.016    -0.0014    0         6.8e-05   0.00076   0.0003  
  -0.00066  -0.011    -0.00027  -0.00089  -0.0009    0.00081 
   0.01     -0.024    -0.0045    0.0064    0.0031   -0.0011  
  -0.0014    0.0098    0.00095   0.0037   -0.0036   -0.0019  
  -0.014    -0.00083  -0.0014    0.0016   -0.0012    0.0019  

QFRC_BIAS
   1.4e-05 
  -5.1     
  -0.47    
  -0.94    
  -0.011   
  -0.027   

QFRC_SPRING
   0       
   0       
   0       
   0       
   0       
   0       

QFRC_DAMPER
   0       
   0       
   0       
   0       
   0       
   0       

QFRC_GRAVCOMP
   0       
   0       
   0       
   0       
   0       
   0       

QFRC_FLUID
   0       
   0       
   0       
   0       
   0       
   0       

QFRC_PASSIVE
   0       
   0       
   0       
   0       
   0       
   0       

EFC_VEL
   6.1e-08 
   0.016   
  -0.0016  
   0.00035 
  -0.00024 
  -0.00022 
   0.00032 

EFC_AREF
   4.7     
  -1       
   9.1     
   1.3     
   1.3     
   1.3     
   1.3     

SUBTREE_LINVEL
   0         0         0       
   0         0         0       
   0         0         0       
   0         0         0       
   0         0         0       
   0         0         0       
   0         0         0       
   0         0         0       

SUBTREE_ANGMOM
   0         0         0       
   0         0         0       
   0         0         0       
   0         0         0       
   0         0         0       
   0         0         0       
   0         0         0       
   0         0         0       

QFRC_ACTUATOR
   0       
   0       
   0       
   0       
   0       
   0       

QFRC_SMOOTH
  -1.4e-05 
   5.1     
   0.47    
   0.94    
   0.011   
   0.027   

QACC_SMOOTH
   5.3     
   40      
  -25      
  -15      
  -26      
   59      

EFC_B
   10      
   27      
  -69      
  -2.6     
  -3.9     
  -6.7     
   0.21    

EFC_FORCE
   0.95    
   0.0069  
   0.028   
   24      
   25      
   24      
   24      

EFC_STATE
  1
  1
  1
  1
  1
  1
  1

QFRC_CONSTRAINT
   0       
  -5.1     
  -0.48    
  -0.95    
  -0.0069  
  -0.028   

QFRC_INVERSE
   0       
   0       
   0       
   0       
   0       
   0       

CACC
   0         0         0         0         0         0       
   0         0         0         0         0         0       
   0         0         0         0         0         0       
   0         0         0         0         0         0       
   0         0         0         0         0         0       
   0         0         0         0         0         0       
   0         0         0         0         0         0       
   0         0         0         0         0         0       

CFRC_INT
   0         0         0         0         0         0       
   0         0         0         0         0         0       
   0         0         0         0         0         0       
   0         0         0         0         0         0       
   0         0         0         0         0         0       
   0         0         0         0         0         0       
   0         0         0         0         0         0       
   0         0         0         0         0         0       

CFRC_EXT
   0         0         0         0         0         0       
   0         0         0         0         0         0       
   0         0         0         0         0         0       
   0         0         0         0         0         0       
   0         0         0         0         0         0       
   0         0         0         0         0         0       
   0         0         0         0         0         0       
   0         0         0         0         0         0       

